4.259057000017492101e-01
1.210409999475814402e-02
1.165459999174345285e-02
1.129559999390039593e-02
1.047789999574888498e-02
1.030490000266581774e-02
1.074730000982526690e-02
1.069740000821184367e-02
1.135409998823888600e-02
1.045509999676141888e-02
1.032000000122934580e-02
1.045650000742170960e-02
1.033549998828675598e-02
1.048019999871030450e-02
1.049679999414365739e-02
1.101329999801237136e-02
1.129070000024512410e-02
1.124690000142436475e-02
1.049390000116545707e-02
1.119319999997969717e-02
1.130820000253152102e-02
1.072810000914614648e-02
1.099869998870417476e-02
1.115609999396838248e-02
1.051320000260602683e-02
1.102869999886024743e-02
1.128130000142846256e-02
1.049669999338220805e-02
1.084500001161359251e-02
1.130920001014601439e-02
1.097019998996984214e-02
1.103740000689867884e-02
1.108589999785181135e-02
1.164660000358708203e-02
1.131079999322537333e-02
1.118359999964013696e-02
1.113640000403393060e-02
1.133280000067315996e-02
1.096040000265929848e-02
1.099480000266339630e-02
1.108830000157468021e-02
1.220140000805258751e-02
1.263119999202899635e-02
1.192780000565107912e-02
1.198939999449066818e-02
1.064519998908508569e-02
1.056999999855179340e-02
1.151430000027175993e-02
1.093859999673441052e-02
1.038549999066162854e-02
1.152149999688845128e-02
1.037930000165943056e-02
1.054529999964870512e-02
1.094629999715834856e-02
1.072120000026188791e-02
1.049690000945702195e-02
1.132609999331180006e-02
1.094530000409577042e-02
1.070680000702850521e-02
1.104710000799968839e-02
1.037000000360421836e-02
1.180320000275969505e-02
1.171559999056626111e-02
1.051209999423008412e-02
1.145960000576451421e-02
1.117549999617040157e-02
1.048320000700186938e-02
1.120039999659638852e-02
1.154809999570716172e-02
1.324470000690780580e-02
1.103950000833719969e-02
1.098729998921044171e-02
1.204260000668000430e-02
1.060629999847151339e-02
1.134630000160541385e-02
1.159650000045076013e-02
1.153730000078212470e-02
1.137459999881684780e-02
1.205269999627489597e-02
1.065699999162461609e-02
1.173729999572969973e-02
1.149140000052284449e-02
1.062390000151935965e-02
1.099070000054780394e-02
1.134389999788254499e-02
1.247640000656247139e-02
1.265889999922364950e-02
1.270549999026115984e-02
1.140879999729804695e-02
1.096800000232178718e-02
1.137300000118557364e-02
1.152669999282807112e-02
1.131420000456273556e-02
1.121500000590458512e-02
1.066259999061003327e-02
1.041199998871888965e-02
1.129159999254625291e-02
1.043639999988954514e-02
1.066070000524632633e-02
1.180070001282729208e-02
1.063160000194329768e-02
1.040959999954793602e-02
1.035659998888149858e-02
1.105810000444762409e-02
1.066369999898597598e-02
1.094419999571982771e-02
1.138619999983347952e-02
1.190869999118149281e-02
1.231340000231284648e-02
1.118000000133179128e-02
1.161819999106228352e-02
1.119099999777972698e-02
1.153370000247377902e-02
1.079530001152306795e-02
1.121540000895038247e-02
1.195479999296367168e-02
1.127000000269617885e-02
1.126370001293253154e-02
1.145560000441037118e-02
1.191200000175740570e-02
1.123979999101720750e-02
1.132210000650957227e-02
1.190420000057201833e-02
1.098969999293331057e-02
1.165990000299643725e-02
1.151559999561868608e-02
1.359230000525712967e-02
1.124759999220259488e-02
1.182089999201707542e-02
1.116320000437553972e-02
1.243950000207405537e-02
1.189850000082515180e-02
1.191619999008253217e-02
1.298390000010840595e-02
1.123720000032335520e-02
1.151940001000184566e-02
1.105169999937061220e-02
1.109050000377465039e-02
1.095609999902080745e-02
1.132870001310948282e-02
1.160860000527463853e-02
1.085679999960120767e-02
1.154360000509768724e-02
1.087450000341050327e-02
1.192010000522714108e-02
1.262639999913517386e-02
1.074959999823477119e-02
1.155019999714568257e-02
1.149399999121669680e-02
1.067200000397861004e-02
1.184049999574199319e-02
1.129169999330770224e-02
1.145720000204164535e-02
1.186420000158250332e-02
1.314669998828321695e-02
1.231510000070556998e-02
1.107729999057482928e-02
1.107699998829048127e-02
1.269420000608079135e-02
1.189599999634083360e-02
1.175179998972453177e-02
1.124239999626297504e-02
1.105410000309348106e-02
1.166259999445173889e-02
1.114719999895896763e-02
1.052729999355506152e-02
1.176569999370258301e-02
1.215830000001005828e-02
1.190169999608770013e-02
1.191990000370424241e-02
1.161169999977573752e-02
1.183620000665541738e-02
1.093920000130310655e-02
1.122319999558385462e-02
1.148849999299272895e-02
1.165080000646412373e-02
1.161660000798292458e-02
1.217080000787973404e-02
1.205499999923631549e-02
1.121010001224931329e-02
1.076390000525861979e-02
1.062810000439640135e-02
1.224899999215267599e-02
1.193219999549910426e-02
1.071820000652223825e-02
1.126520000980235636e-02
1.071750000119209290e-02
1.133069999923463911e-02
1.090619999740738422e-02
1.167269999859854579e-02
1.125729999330360442e-02
1.106009999057278037e-02
1.050730000133626163e-02
1.126679999288171530e-02
1.112619999912567437e-02
1.177709999319631606e-02
1.227209999342449009e-02
1.112360000843182206e-02
1.054139999905601144e-02
1.214269999763928354e-02
1.102340000215917826e-02
1.163660000020172447e-02
1.282250000804197043e-02
1.213610000559128821e-02
1.173270000435877591e-02
1.120229999651201069e-02
1.167369999166112393e-02
1.209509999898727983e-02
1.063119999889750034e-02
1.159639999968931079e-02
1.145750000432599336e-02
1.114880001114215702e-02
1.190310000674799085e-02
1.189850000082515180e-02
1.101489999564364552e-02
1.168049999978393316e-02
1.142660000186879188e-02
1.097559998743236065e-02
1.083949999883770943e-02
1.184680000005755574e-02
1.171089999843388796e-02
1.154409999435301870e-02
1.144679999561049044e-02
1.072179999027866870e-02
1.116019999608397484e-02
1.154649999807588756e-02
1.104100000520702451e-02
1.147850000415928662e-02
1.094029999512713403e-02
1.168060000054538250e-02
1.076669999747537076e-02
1.161570000112988055e-02
1.152269999147392809e-02
1.048739999532699585e-02
1.238590000139083713e-02
1.131309999618679285e-02
1.091729999461676925e-02
1.209540000127162784e-02
1.186980000056792051e-02
1.129110000329092145e-02
1.291829999536275864e-02
1.130370001192204654e-02
1.194550000946037471e-02
1.075130001117940992e-02
1.124849999905563891e-02
1.209809999272692949e-02
1.172450000012759119e-02
1.156130000890698284e-02
1.243879999674391001e-02
1.229949999833479524e-02
1.191560000006575137e-02
1.304839999647811055e-02
1.211859998875297606e-02
1.165339999715797603e-02
1.152259999071247876e-02
1.231960000586695969e-02
1.173550001112744212e-02
1.112880000437144190e-02
1.191780000226572156e-02
1.099690000410191715e-02
1.169609998760279268e-02
1.218959999096114188e-02
1.121709999279119074e-02
1.128780000726692379e-02
1.191110000945627689e-02
1.137300000118557364e-02
1.188510000065434724e-02
1.150649999908637255e-02
1.107269999920390546e-02
1.062209998781327158e-02
1.066939999873284250e-02
1.195879999431781471e-02
1.107560000673402101e-02
1.202759999432601035e-02
1.202159999229479581e-02
1.068310000118799508e-02
1.128179999068379402e-02
1.129860000219196081e-02
1.156890000856947154e-02
1.149560000339988619e-02
1.110709999920800328e-02
1.216110000677872449e-02
1.143610000144690275e-02
1.083449998986907303e-02
1.201320000109262764e-02
1.130879999254830182e-02
1.159039999765809625e-02
1.147329999366775155e-02
1.201389999187085778e-02
1.137029999517835677e-02
1.186870000674389303e-02
1.142130000516772270e-02
1.136729998688679188e-02
1.208359999873209745e-02
1.316850000876002014e-02
1.174070000706706196e-02
1.138250000076368451e-02
1.207870000507682562e-02
1.202940000803209841e-02
1.110569998854771256e-02
1.148719999764580280e-02
1.209829999424982816e-02
1.166800000646617264e-02
1.078199999756179750e-02
1.441739998699631542e-02
1.186140000936575234e-02
1.151189999654889107e-02
1.195640000514686108e-02
1.222050000797025859e-02
1.237899999250657856e-02
1.116599999659229070e-02
1.179739998769946396e-02
1.264050000463612378e-02
1.116979999642353505e-02
1.117969999904744327e-02
1.120120000268798321e-02
1.087170001119375229e-02
1.277220000338274986e-02
1.235359998827334493e-02
1.293729999451898038e-02
1.212020000093616545e-02
1.133440001285634935e-02
1.109650000580586493e-02
1.163309998810291290e-02
1.071230000525247306e-02
1.102130000072065741e-02
1.064479998603928834e-02
1.100030000088736415e-02
1.193349999084603041e-02
1.102530000207480043e-02
1.088170000002719462e-02
1.112540000758599490e-02
1.090850000036880374e-02
1.142739999340847135e-02
1.116219999676104635e-02
1.120570000784937292e-02
1.064759999280795455e-02
1.107339998998213559e-02
1.093270001001656055e-02
1.095700000587385148e-02
1.134789999923668802e-02
1.091160000942181796e-02
1.076900000043679029e-02
1.096780000079888850e-02
1.069319999078288674e-02
1.092359999893233180e-02
1.153760000306647271e-02
1.203270000405609608e-02
1.121419999981299043e-02
1.124089999939315021e-02
1.117110000632237643e-02
1.072310000017751008e-02
1.107039999624248594e-02
1.177630000165663660e-02
1.079279999248683453e-02
1.136370000313036144e-02
1.057700000819750130e-02
1.052599999820813537e-02
1.066299999365583062e-02
1.152949999959673733e-02
1.093099999707192183e-02
1.079570000001695007e-02
1.092080000671558082e-02
1.135220000287517905e-02
1.142029999755322933e-02
1.110390000394545496e-02
1.070549999712966383e-02
1.074220000009518117e-02
1.125989999854937196e-02
1.138580001133959740e-02
1.106509999954141676e-02
1.134689999162219465e-02
1.125920000777114183e-02
1.094619999639689922e-02
1.224650000222027302e-02
1.083359999756794423e-02
1.141569999163039029e-02
1.171279999834951013e-02
1.055719998839776963e-02
1.163110000197775662e-02
1.135420000355225056e-02
1.119520000065676868e-02
1.228909999190364033e-02
1.170430000638589263e-02
1.084099999570753425e-02
1.193769999372307211e-02
1.073530000576283783e-02
1.186629998846910894e-02
1.280159999441821128e-02
1.152260000526439399e-02
1.199880000785924494e-02
1.098760000604670495e-02
1.146840000001247972e-02
1.222990000678692013e-02
1.102610000816639513e-02
1.158900000154972076e-02
1.229559999774210155e-02
1.126800000201910734e-02
1.248359998862724751e-02
1.172490000317338854e-02
1.126149999618064612e-02
1.176250001299194992e-02
1.104209999903105199e-02
1.087549999647308141e-02
1.052589999744668603e-02
1.080990000627934933e-02
1.137750000634696335e-02
1.035850000334903598e-02
1.226479999604634941e-02
1.164100000460166484e-02
1.087840000400319695e-02
1.118909999786410481e-02
1.155189999553840607e-02
1.072719998774118721e-02
1.112080000166315585e-02
1.080079999519512057e-02
1.124900000286288559e-02
1.134290000481996685e-02
1.131849999364931136e-02
1.094979999470524490e-02
1.123249999363906682e-02
1.130929999635554850e-02
1.055619999533519149e-02
1.353810000000521541e-02
1.147130000754259527e-02
1.083840000501368195e-02
1.156359999731648713e-02
1.119159998779650778e-02
1.156610000180080533e-02
1.193150000472087413e-02
1.144729999941773713e-02
1.181939999514725059e-02
1.101219998963642865e-02
1.135190000059083104e-02
1.206389999424573034e-02
1.117349999549333006e-02
1.144459999341052026e-02
1.128049999533686787e-02
1.084950000222306699e-02
1.147640000272076577e-02
1.136689999839290977e-02
1.158659999782685190e-02
1.173110000672750175e-02
1.128790000802837312e-02
1.092829999106470495e-02
1.184739999007433653e-02
1.120910000463481992e-02
1.124000000709202141e-02
1.326870000048074871e-02
1.236160000553354621e-02
1.181009999709203839e-02
1.195889999507926404e-02
1.120150000497233123e-02
1.105060000554658473e-02
1.214099999924656004e-02
1.072679999924730510e-02
1.134989999991375953e-02
1.278429999365471303e-02
1.064989999576937407e-02
1.149350000196136534e-02
1.144969998858869076e-02
1.074650000373367220e-02
1.183080000919289887e-02
1.156810000247787684e-02
1.088909999816678464e-02
1.204970000253524631e-02
1.225520001025870442e-02
1.179859999683685601e-02
1.331689998914953321e-02
1.276670000515878201e-02
1.211910000711213797e-02
1.142809999873861670e-02
1.114729999972041696e-02
1.164940001035574824e-02
1.093270001001656055e-02
1.109410000208299607e-02
1.188079999701585621e-02
1.163119998818729073e-02
1.138199999695643783e-02
1.269459999457467347e-02
1.255270000547170639e-02
1.204699999652802944e-02
1.126879999355878681e-02
1.121189999685157090e-02
1.101770000241231173e-02
1.119389999075792730e-02
1.235079999605659395e-02
1.158289999875705689e-02
1.065270000253804028e-02
1.128069999685976654e-02
1.110420000622980297e-02
1.057849999051541090e-02
1.126010000007227063e-02
1.131079999322537333e-02
1.059049999457783997e-02
1.122709999617654830e-02
1.178359999903477728e-02
1.178780000191181898e-02
1.089459999639075249e-02
1.109169999836012721e-02
1.185589999658986926e-02
1.113829998939763755e-02
1.119829999515786767e-02
1.093600000604055822e-02
1.101060000655706972e-02
1.105309999547898769e-02
1.090550000662915409e-02
1.138169999467208982e-02
1.115130000107455999e-02
1.110129999869968742e-02
1.153720000002067536e-02
1.334089999727439135e-02
1.148770000145304948e-02
1.173909999488387257e-02
1.282329999958164990e-02
1.312980000511743128e-02
1.336659998924005777e-02
1.207090000389143825e-02
1.164569999673403800e-02
1.167139998869970441e-02
1.104090000444557518e-02
1.151909999316558242e-02
1.171059999614953995e-02
1.099239999894052744e-02
1.125229999888688326e-02
1.255250000394880772e-02
1.121469998906832188e-02
1.051029999507591128e-02
1.128360000438988209e-02
1.068640001176390797e-02
1.173119999293703586e-02
1.278999999340157956e-02
1.144850000855512917e-02
1.153490001161117107e-02
1.137290000042412430e-02
1.167659999919123948e-02
1.257649999752175063e-02
1.152099999308120459e-02
1.056720000633504242e-02
1.253830001223832369e-02
1.106390000495593995e-02
1.196380000328645110e-02
1.094169999123550951e-02
1.073049999831710011e-02
1.190549999591894448e-02
1.192220000666566193e-02
1.072910000220872462e-02
1.136819999373983592e-02
1.156159999663941562e-02
1.181769999675452709e-02
1.103860000148415565e-02
1.116570000885985792e-02
1.197810001031029969e-02
1.068259999738074839e-02
1.143900000897701830e-02
1.177399999869521707e-02
1.152280000678729266e-02
1.139840000541880727e-02
1.146909999079070985e-02
1.141409999399911612e-02
1.166990000638179481e-02
1.142929999332409352e-02
1.084200000332202762e-02
1.128449999669101089e-02
1.110820000758394599e-02
1.168440000037662685e-02
1.160129999334458262e-02
1.203440000244881958e-02
1.117269998940173537e-02
1.080469999578781426e-02
1.346990000456571579e-02
1.128799999423790723e-02
1.150880000204779208e-02
1.329930000065360218e-02
1.272190001327544451e-02
1.321210000605788082e-02
1.252479999675415456e-02
1.248279999708756804e-02
1.301570000941865146e-02
1.159490000281948596e-02
1.130640000337734818e-02
1.136909998604096472e-02
1.155999999900814146e-02
1.130379999813158065e-02
1.103100000182166696e-02
1.116829999955371022e-02
1.106869999784976244e-02
1.101880001078825444e-02
1.152949999959673733e-02
1.168989999860059470e-02
1.101869999547488987e-02
1.200079999398440123e-02
1.132429999415762722e-02
1.074220000009518117e-02
1.089740000315941870e-02
1.104559999657794833e-02
1.108420001401100308e-02
1.117680000606924295e-02
1.270439999643713236e-02
1.141090001328848302e-02
1.194460000260733068e-02
1.123359998746309429e-02
1.088430000527296215e-02
1.204700001107994467e-02
1.212120000855065882e-02
1.211340000736527145e-02
1.137530000414699316e-02
1.202290000219363719e-02
1.148200000170618296e-02
1.116609999735374004e-02
1.259149999532382935e-02
1.134690000617410988e-02
1.198039999871980399e-02
1.149410000653006136e-02
1.183550000132527202e-02
1.098560000536963344e-02
1.147350000974256545e-02
1.150570000754669309e-02
1.244030000816565007e-02
1.109400000132154673e-02
1.120969999465160072e-02
1.201190000574570149e-02
1.144930000009480864e-02
1.141969999298453331e-02
1.173330000892747194e-02
1.161319999664556235e-02
1.177009999810252339e-02
1.151969999773427844e-02
1.167420001002028584e-02
1.201229999423958361e-02
1.276779999898280948e-02
1.194569999643135816e-02
1.137209999433252960e-02
1.075859999400563538e-02
1.181229999929200858e-02
1.222029999189544469e-02
1.223890000255778432e-02
1.194369999575428665e-02
1.166440000815782696e-02
1.160209999943617731e-02
1.280770001176279038e-02
1.169579999987035990e-02
1.093649999529588968e-02
1.090789999580010772e-02
1.110839999455492944e-02
1.106960000470280647e-02
1.100420000148005784e-02
1.192859999719075859e-02
1.144139999814797193e-02
1.070689999323803931e-02
1.088279999385122210e-02
1.173300000664312392e-02
1.107999999658204615e-02
1.227399999334011227e-02
1.224889999139122665e-02
1.210269999864976853e-02
1.162530000146944076e-02
1.158979999308940023e-02
1.207830000203102827e-02
1.149630000873003155e-02
1.241480000317096710e-02
1.134310000634286553e-02
1.086479998775757849e-02
1.240479999978560954e-02
1.197259999753441662e-02
1.080039999214932323e-02
1.114799999049864709e-02
1.190530000894796103e-02
1.162839999597053975e-02
1.071649999357759953e-02
1.148760000069160014e-02
1.112949999514967203e-02
1.094770000781863928e-02
1.220829998783301562e-02
1.121240000065881759e-02
1.120490000175777823e-02
1.175029999285470694e-02
6.081399999675340950e-02
2.888060000259429216e-02
2.044939999177586287e-02
1.406429999042302370e-02
1.144629999180324376e-02
1.207870000507682562e-02
1.123180000286083668e-02
1.101229999039787799e-02
1.198870000371243805e-02
1.107069999852683395e-02
1.076620000822003931e-02
1.221709999663289636e-02
1.090649999969173223e-02
1.121129999228287488e-02
1.166309999825898558e-02
1.061929999559652060e-02
1.149509999959263951e-02
1.086460000078659505e-02
1.057929999660700560e-02
1.141419999476056546e-02
1.155429999926127493e-02
1.138730000820942223e-02
1.151409999874886125e-02
1.084319999790750444e-02
1.083340001059696078e-02
1.097960000333841890e-02
1.097860001027584076e-02
1.130029998603276908e-02
1.091440000163856894e-02
1.107480000064242631e-02
1.069100000313483179e-02
1.141389999247621745e-02
1.104670000495389104e-02
1.127319999795872718e-02
1.070579999941401184e-02
1.142149999213870615e-02
1.149129999976139516e-02
1.129819999914616346e-02
1.165410000248812139e-02
1.118709999718703330e-02
1.189489998796489090e-02
1.241930000833235681e-02
1.124940000590868294e-02
1.082919999316800386e-02
1.288929999282117933e-02
1.250100000470411032e-02
1.281310000922530890e-02
1.286200000322423875e-02
1.120559999253600836e-02
1.226220000535249710e-02
1.200960000278428197e-02
1.137979999475646764e-02
1.167859999986831099e-02
1.169200000003911555e-02
1.264629999059252441e-02
1.286800000525545329e-02
1.184440001088660210e-02
1.187950000166893005e-02
1.160179999715182930e-02
1.167080001323483884e-02
1.131270000769291073e-02
1.108779999776743352e-02
1.240490000054705888e-02
1.257259999692905694e-02
1.126489999296609312e-02
1.137980000930838287e-02
1.191119999566581100e-02
1.111460001266095787e-02
1.222669999697245657e-02
1.162079999630805105e-02
1.133120000304188579e-02
1.113259998965077102e-02
1.143779999983962625e-02
1.118950000090990216e-02
1.108319999184459448e-02
1.078450000204611570e-02
1.149999999324791133e-02
1.091230000020004809e-02
1.102940000419039279e-02
1.094439999724272639e-02
1.060349999170284718e-02
1.116120000369846821e-02
1.131380000151693821e-02
1.077989999612327665e-02
1.127319999795872718e-02
1.158249999571125954e-02
1.152339999680407345e-02
1.068829999712761492e-02
1.118690001021604985e-02
1.445950000197626650e-02
1.193489998695440590e-02
1.172999999835155904e-02
1.282999999239109457e-02
1.143649998994078487e-02
1.142559999425429851e-02
1.280289998976513743e-02
1.196099999651778489e-02
1.176749999285675585e-02
1.091719999385531992e-02
1.131479999457951635e-02
1.132580000557936728e-02
1.087860000552609563e-02
1.169010000012349337e-02
1.109079999150708318e-02
1.109460000589024276e-02
1.174420000461395830e-02
1.134159999492112547e-02
1.060710000456310809e-02
1.191090000793337822e-02
1.236920000519603491e-02
1.187899999786168337e-02
1.171359998988918960e-02
1.193760000751353800e-02
1.200579998840112239e-02
1.100199999928008765e-02
1.198859998839907348e-02
1.189550000708550215e-02
1.149290001194458455e-02
1.224779999756719917e-02
1.142999999865423888e-02
1.068759999179746956e-02
1.146290000178851187e-02
1.193179999245330691e-02
1.079850000678561628e-02
1.240009999310132116e-02
1.147500000661239028e-02
1.132859999779611826e-02
1.184069999726489186e-02
1.138870000431779772e-02
1.224849998834542930e-02
1.219219999620690942e-02
1.112090000242460519e-02
1.197800000954885036e-02
1.217509999696630985e-02
1.169530001061502844e-02
1.206069999898318201e-02
1.471269999456126243e-02
1.209709999966435134e-02
1.216779999958816916e-02
1.171630001044832170e-02
1.154220000898931175e-02
1.137380000727716833e-02
1.233140000840649009e-02
1.294319999578874558e-02
1.151260000187903643e-02
1.110299999709241092e-02
1.189590001013129950e-02
1.238060000468976796e-02
1.221030000306200236e-02
1.252679999743122607e-02
1.135349999822210521e-02
1.167669999995268881e-02
1.089940000383649021e-02
1.124210000853054225e-02
1.278330000059213489e-02
1.161600000341422856e-02
1.127670001005753875e-02
1.086130000476259738e-02
1.087319999351166189e-02
1.175879999937023968e-02
1.135420000355225056e-02
1.113620000251103193e-02
1.129080000100657344e-02
1.165430000401102006e-02
1.106169998820405453e-02
1.133680000202730298e-02
1.107909998972900212e-02
1.104270000359974802e-02
1.098059999640099704e-02
1.182830000470858067e-02
1.195239998924080282e-02
1.166869999724440277e-02
1.181999999971594661e-02
1.151199999731034040e-02
1.139759999932721257e-02
1.306029999977909029e-02
1.176809999742545187e-02
1.208719999704044312e-02
1.130120000743772835e-02
1.190189999761059880e-02
1.202690000354778022e-02
1.081459999841172248e-02
1.135190000059083104e-02
1.132239999424200505e-02
1.142939999408554286e-02
1.156600000103935599e-02
1.163809999707154930e-02
1.115469999786000699e-02
1.177300000563263893e-02
1.138440000067930669e-02
1.162750000366941094e-02
1.145980000728741288e-02
1.136969999060966074e-02
1.178719999734312296e-02
1.095450000138953328e-02
1.076089999696705490e-02
1.305470000079367310e-02
1.197940000565722585e-02
1.140079999458976090e-02
1.126099999237339944e-02
1.209970000491011888e-02
1.145250000990927219e-02
1.160440000239759684e-02
1.185059999988880008e-02
1.077719999011605978e-02
1.239820000773761421e-02
1.140509999822825193e-02
1.209820000804029405e-02
1.158730000315699726e-02
1.187710001249797642e-02
1.173250000283587724e-02
1.122659999236930162e-02
1.228789999731816351e-02
1.152610000281129032e-02
1.113620000251103193e-02
1.257839999743737280e-02
1.198389999626670033e-02
1.342740000109188259e-02
1.243350000004284084e-02
1.177620000089518726e-02
1.164750001044012606e-02
1.118020000285468996e-02
1.240029999462421983e-02
1.218789999256841838e-02
1.107999999658204615e-02
1.161640000646002591e-02
1.193540000531356782e-02
1.119789999211207032e-02
1.141279999865218997e-02
1.153039999189786613e-02
1.173639998887665570e-02
1.086960000975523144e-02
1.120999999693594873e-02
1.151909999316558242e-02
1.212949999899137765e-02
1.191070000641047955e-02
1.192319999972824007e-02
1.158750000467989594e-02
1.160830000299029052e-02
1.161819999106228352e-02
1.153119999798946083e-02
1.391930000681895763e-02
1.143729999603237957e-02
1.199420000193640590e-02
1.130620000185444951e-02
1.148130001092795283e-02
1.161810000485274941e-02
1.108999999996740371e-02
1.073350000660866499e-02
1.228530000662431121e-02
1.133190000837203115e-02
1.065470000321511179e-02
1.275499998882878572e-02
1.180140000360552222e-02
1.153440000780392438e-02
1.108430000022053719e-02
1.095399999758228660e-02
1.217919999908190221e-02
1.141099999949801713e-02
1.144590000330936164e-02
1.093380000384058803e-02
1.073090000136289746e-02
1.172630001383367926e-02
1.198740000836551189e-02
1.119520000065676868e-02
1.190369999676477164e-02
1.134260000253561884e-02
1.107760000741109252e-02
1.233730000967625529e-02
1.149080001050606370e-02
1.206079999974463135e-02
1.144410000415518880e-02
1.122549999854527414e-02
1.158979999308940023e-02
1.109980000182986259e-02
1.079790000221692026e-02
1.112850000208709389e-02
1.132419999339617789e-02
1.136199999018572271e-02
1.183420000597834587e-02
1.070130000880453736e-02
1.133010000921785831e-02
1.286499999696388841e-02
1.214330000220797956e-02
1.224159999401308596e-02
1.294349999807309359e-02
1.191459999245125800e-02
1.095279998844489455e-02
1.097299999673850834e-02
1.105899999674875289e-02
1.107429999683517963e-02
1.143330000923015177e-02
1.168010001129005104e-02
1.090420001128222793e-02
1.089430000865831971e-02
1.119650001055561006e-02
1.143779999983962625e-02
1.206320000346750021e-02
1.169800000207033008e-02
1.099249999970197678e-02
1.180439999734517187e-02
1.143879999290220439e-02
1.119579999067354947e-02
1.095090000308118761e-02
1.115109999955166131e-02
1.114300001063384116e-02
1.094950000697281212e-02
1.183319999836385250e-02
1.176300000224728137e-02
1.111180000589229167e-02
1.118039998982567340e-02
1.134209999872837216e-02
1.098259999707806855e-02
1.232399999571498483e-02
1.360419999400619417e-02
1.142539999273139983e-02
1.160579999850597233e-02
1.173889999336097389e-02
1.093129999935626984e-02
1.107059999776538461e-02
1.182119999430142343e-02
1.118980000319425017e-02
1.167029999487567693e-02
